分别用010editor打开明文密文得到对应的二进制字符串分别为
0000101000000011000101110000001001010110000000010001010100010001000010100001010000001110000010100001111000110000000011100000101000011110001100000000111000001010000111100011000000010100000011000001100100001101000111110001000000001110000001100000001100011000
0110110001101111011101100110010101101100011011110111011001100101011011000110111101110110011001010110110001101111011101100110010101101100011011110111011001100101011011000110111101110110011001010110110001101111011101100110010101101100011011110111011001100101
运行脚本exp.py得到异或结果：
0
1
1
0
0
1
1
0
0
1
1
0
1
1
0
0
0
1
1
0
0
0
0
1
0
1
1
0
0
1
1
1
0
0
1
1
1
0
1
0
0
1
1
0
1
1
1
0
0
1
1
0
0
0
1
1
0
1
1
1
0
1
0
0
0
1
1
0
0
1
1
0
0
1
1
1
1
0
1
1
0
1
1
1
1
0
0
0
0
1
1
0
1
1
1
1
0
1
1
1
0
0
1
0
0
1
0
1
1
1
1
1
0
1
1
1
1
0
0
0
0
1
1
0
1
1
1
1
0
1
1
1
0
0
1
0
0
1
0
1
1
1
1
1
0
1
1
1
1
0
0
0
0
1
1
0
1
1
1
1
0
1
1
1
0
0
1
0
0
1
0
1
1
1
1
1
0
1
1
0
0
0
1
0
0
1
1
0
1
0
0
1
0
1
1
1
0
1
0
1
0
1
1
0
0
0
1
0
0
1
1
0
1
0
0
1
0
1
1
1
0
1
0
1
0
1
1
0
0
0
1
0
0
1
1
0
1
0
0
1
0
1
1
1
0
1
0
1
0
1
1
1
1
1
0
1
使用010editor导入二进制文件得到即flag：
flag{xor_xor_xor_biubiubiu}