根据题意，先没去所有路径如下：
2		3		4		5		6
	       7       8       9             13    14    15               10    11    12          16   17   18   23
                      19      20     20                    10                      21    21    22          17        12 24
	      25      25     25		21		 22
						 25
之后计算出每条从1到26的路径的长度
2-3-7-19-25=368
2-3-8-20-25=357
2-3-9-20-25=354
2-4-14-10-21-22-25=275
2-5-10-21-22-25=209
2-5-11-21-22-25=195
2-5-12-22-25=164
2-6-18-12-22-25=213
可知2-5-12-22-25对应的字符串连接的内容：WEIVKASJVLSJCHFSJVHJ
即flag：
flag{WEIVKASJVLSJCHFSJVHJSDEV}