这是曼彻斯特编码，直接运行板子exp.py得到结果：
11
1111
111111
11111111
1111111111
111111111111
11111111111111
1111111111111111
111111111111111101
11111111111111110111
1111111111111111011111
111111111111111101111111
11111111111111110111111111
1111111111111111011111111100
111111111111111101111111110010
11111111111111110111111111001011
1111111111111111011111111100101111
111111111111111101111111110010111111
11111111111111110111111111001011111110
1111111111111111011111111100101111111000
111111111111111101111111110010111111100000
11111111111111110111111111001011111110000010
1111111111111111011111111100101111111000001001
111111111111111101111111110010111111100000100110
11111111111111110111111111001011111110000010011000
1111111111111111011111111100101111111000001001100000
111111111111111101111111110010111111100000100110000010
11111111111111110111111111001011111110000010011000001010
1111111111111111011111111100101111111000001001100000101010
111111111111111101111111110010111111100000100110000010101010
11111111111111110111111111001011111110000010011000001010101010
1111111111111111011111111100101111111000001001100000101010101010
111111111111111101111111110010111111100000100110000010101010101010
11111111111111110111111111001011111110000010011000001010101010101001
1111111111111111011111111100101111111000001001100000101010101010100111
111111111111111101111111110010111111100000100110000010101010101010011111
FFFFFED31F645055F9，即flag：
flag{FFFFFED31F645055F9}